{"S": [-0.99865792953753518, -0.0056861341266673509, -0.042815656646444634, 88.039137226112402, -0.0055229662964787112, 0.99993450221829827, -0.0040382711366594394, -3.8230329576170181, 0.042846691270013434, -0.0037001838523338516, -0.99870152551851221, 295.14435501913135, 0.0, 0.0, 0.0, 1.0], "E": [-0.016325200368632425, -0.0020253957009846121, 0.99978640490415882, -106.99335013793124, -0.0025837924443477627, 0.99995791940607115, 0.001968560886668217, -0.97429101119199579, -0.99981923803824013, -0.0024744718704470328, -0.016343928445473905, 191.20479832571732, 0.0, 0.0, 0.0, 1.0], "W": [-0.0098540377017470315, -0.0023792337607443374, -0.99968993081756874, 194.69534441333113, 0.0023929350842238407, 0.9999606854457106, -0.0023764635349038631, -4.1168100621980797, 0.99966203197220571, -0.0023625888369910981, -0.0098481907186526163, 111.06615976054441, 0.0, 0.0, 0.0, 1.0], "N": [1.0, 0.0, 0.0, 0.0, 0.0, 1.0, 0.0, 0.0, 0.0, 0.0, 1.0, 0.0, 0.0, 0.0, 0.0, 1.0]}