{"S": [-0.99999678129087122, -0.0025090866179690772, 0.00037668586617883078, 0.0, -0.0025108213779828563, 0.99998590716275093, -0.0046777400417046299, 0.0, -0.0003649437026656795, -0.0046786707763455931, -0.99998898836730254, 0.0, -89.065487091068803, 16.703980995999899, -43.622008268691076, 1.0], "E": [0.0068174988268354109, 0.0027756254749889409, 0.99997290843950792, 0.0, 0.0005044253307671942, 0.9999960109916628, -0.0027791286130274401, 0.0, -0.999976633359416, 0.00052335837115678047, 0.0068160715359775192, 0.0, -355.16731358773291, -166.16288002053699, -98.819920891144477, 1.0], "W": [-0.037728619713672418, 0.01280152388327185, -0.99920602091899369, 0.0, 0.00100732044074563, 0.99991791950740583, 0.012772609502801967, 0.0, 0.9992875144621951, -0.00052462772270534322, -0.037738418166660903, 0.0, 49.322422703711744, 147.03637769688098, -394.00670082463836, 1.0], "N": [1.0, 0.0, 0.0, 0.0, 0.0, 1.0, 0.0, 0.0, 0.0, 0.0, 1.0, 0.0, 0.0, 0.0, 0.0, 1.0]}