{"S": [-0.99861489803776626, 0.0044495858683387835, -0.04610614093031988, 0.0, 0.0043505994678886099, 0.99998076184959728, 0.001706580757655466, 0.0, 0.046119697066163368, 0.0014927341381372273, -0.99862416936370668, 0.0, 75.143754030202828, 3.9343482516534261, 299.04653181428876, 1.0], "E": [-0.020053236935545688, -0.0034405787424264763, 0.99965687794280755, 0.0, 0.0030064252478829551, 0.99998656866725977, 0.0034756581686488188, 0.0, -0.99965856170676359, 0.0030647648396314267, -0.020041278686004454, 0.0, 190.84300750020466, 0.14977007352364544, 109.36147318518856, 1.0], "W": [-0.033686884691660035, -0.0037212775686790052, -0.99928078362677686, 0.0, 0.0043669407880329676, 0.99997261039506791, -0.003880452389588028, 0.0, 0.9992862944784856, -0.0045150903728871823, -0.033663747160891655, 0.0, -103.47875109656071, 5.8808880911944001, 199.98218800159, 1.0], "N": [1.0, 0.0, 0.0, 0.0, 0.0, 1.0, 0.0, 0.0, 0.0, 0.0, 1.0, 0.0, 0.0, 0.0, 0.0, 1.0]}